att_prob= [0.21280237006399999, 0.78719762993599995]
att_count= [14797L, 54737L]
ans: 0 	สอบตก แย่จัง
ans: 2 	ได้ A แหละ
ans: 0 	เลิกกันแล้ว
ans: 2 	เลิกกันแล้ว ดีใจจัง
ans: 2 	บาป
finish
